-0.00114389
-0.00114686
-0.00114946
-0.000784865
-0.000787524
-0.000789887
-0.000530145
-0.000532459
-0.000534436
-0.000356978
-0.000358933
-0.000360546
-0.00024124
-0.000242855
-0.000244199
-0.000164299
-0.000165727
-0.000166802
-0.000738788
-0.000741016
-0.000742951
-0.000595611
-0.000598045
-0.000600184
-0.00036471
-0.000366818
-0.000368501
-0.000212373
-0.000214087
-0.000215509
-0.000113488
-0.000114872
-0.000116009
-4.97981e-005
-5.10108e-005
-5.19467e-005
-0.000500535
-0.000502592
-0.000504303
-0.000343472
-0.00034537
-0.000346856
-0.00024563
-0.000247484
-0.00024902
-0.000110077
-0.000111585
-0.000112838
-2.42279e-005
-2.54836e-005
-2.64574e-005
2.94148e-005
2.8374e-005
2.76033e-005
-0.000336103
-0.000337802
-0.000339264
-0.000197269
-0.00019888
-0.00020012
-9.82325e-005
-9.96518e-005
-0.000100743
-3.72798e-005
-3.86318e-005
-3.9721e-005
3.83899e-005
3.73171e-005
3.64611e-005
8.45093e-005
8.35737e-005
8.2899e-005
-0.000225141
-0.000226684
-0.00022784
-0.000101804
-0.000103127
-0.000104125
-1.50311e-005
-1.62191e-005
-1.7129e-005
4.62593e-005
4.52059e-005
4.44235e-005
8.26866e-005
8.16703e-005
8.09661e-005
0.000122949
0.000122107
0.000121512
-0.000151143
-0.000152423
-0.000153418
-4.01702e-005
-4.12659e-005
-4.2139e-005
3.70409e-005
3.6079e-005
3.53879e-005
9.09843e-005
9.00886e-005
8.95112e-005
0.000128798
0.000128018
0.000127503
0.000149833
0.000149116
0.000148572
-0.000101974
-0.000103092
-0.000103962
-7.99335e-007
-1.72564e-006
-2.45313e-006
6.90742e-005
6.82641e-005
6.76702e-005
0.000117514
0.000116751
0.000116245
0.000151035
0.000150359
0.000149964
0.000174307
0.000173718
0.000173358
-6.95708e-005
-7.05583e-005
-7.12942e-005
2.39321e-005
2.30723e-005
2.24655e-005
8.81357e-005
8.73841e-005
8.68697e-005
0.00013226
0.000131644
0.000131205
0.000162705
0.000162122
0.000161754
0.000183537
0.000183064
0.000182766
-4.85823e-005
-4.94372e-005
-5.00556e-005
3.89004e-005
3.8149e-005
3.76626e-005
9.87141e-005
9.80572e-005
9.75909e-005
0.000139625
0.000139062
0.000138683
0.000167582
0.000167111
0.000166835
0.000186654
0.000186187
0.000185959
-3.51767e-005
-3.60199e-005
-3.65243e-005
4.75104e-005
4.67614e-005
4.63432e-005
0.000103795
0.000103195
0.000102867
0.000142213
0.000141698
0.000141394
0.000168303
0.00016786
0.000167593
0.000185958
0.000185555
0.000185398
-2.70876e-005
-2.78111e-005
-2.82936e-005
5.16893e-005
5.10845e-005
5.0686e-005
0.000105288
0.00010473
0.00010445
0.000141746
0.000141254
0.000140988
0.000166413
0.000166029
0.000165794
0.000183021
0.00018264
0.000182463
-2.26061e-005
-2.32502e-005
-2.3714e-005
5.31025e-005
5.25428e-005
5.21758e-005
0.000104544
0.000104049
0.000103751
0.000139368
0.000138972
0.000138728
0.000162948
0.000162548
0.000162336
0.000178662
0.000178341
0.000178211
-2.05674e-005
-2.12358e-005
-2.16125e-005
5.25805e-005
5.20269e-005
5.17029e-005
0.00010222
0.00010179
0.000101479
0.000135805
0.000135419
0.000135193
0.000158495
0.000158163
0.000157994
0.000173571
0.000173277
0.000173178
-2.03286e-005
-2.08958e-005
-2.12584e-005
5.07645e-005
5.0226e-005
4.99298e-005
9.90122e-005
9.85336e-005
9.82992e-005
0.00013161
0.00013123
0.00013103
0.000153525
0.000153201
0.000153058
0.000168119
0.000167848
0.00016771
-2.1229e-005
-2.18101e-005
-2.21695e-005
4.81551e-005
4.76356e-005
4.73652e-005
9.51973e-005
9.4756e-005
9.45296e-005
0.000127
0.000126623
0.000126449
0.00014831
0.000148047
0.000147837
0.000162521
0.000162259
0.000162106
-2.29631e-005
-2.35405e-005
-2.38828e-005
4.49672e-005
4.44919e-005
4.42294e-005
9.1064e-005
9.06682e-005
9.04523e-005
0.000122191
0.000121874
0.000121659
0.000143053
0.000142787
0.000142648
0.000156927
0.000156642
0.00015659
-2.52219e-005
-2.57611e-005
-2.60672e-005
4.15392e-005
4.10723e-005
4.08329e-005
8.67727e-005
8.63816e-005
8.61788e-005
0.000117379
0.000117054
0.000116892
0.000137908
0.000137578
0.000137445
0.000151397
0.000151211
0.000151099
-2.78619e-005
-2.83918e-005
-2.8705e-005
3.78737e-005
3.742e-005
3.71765e-005
8.24764e-005
8.20977e-005
8.18848e-005
0.000112631
0.000112291
0.000112091
0.000132762
0.000132487
0.000132386
0.000146138
0.000145897
0.000145817
-3.07198e-005
-3.1239e-005
-3.15485e-005
3.41706e-005
3.37294e-005
3.35052e-005
7.82008e-005
7.78085e-005
7.76367e-005
0.000107917
0.000107602
0.000107435
0.000127875
0.000127579
0.000127475
0.000141029
0.000140817
0.000140722
-3.37088e-005
-3.42385e-005
-3.44941e-005
3.04668e-005
3.00104e-005
2.98125e-005
7.39868e-005
7.36239e-005
7.3444e-005
0.000103379
0.000103094
0.000102952
0.000123122
0.000122824
0.000122702
0.000136129
0.000135908
0.000135797
-3.68023e-005
-3.72978e-005
-3.75806e-005
2.67102e-005
2.63513e-005
2.61151e-005
6.98923e-005
6.95356e-005
6.93444e-005
9.90124e-005
9.87458e-005
9.85559e-005
0.000118552
0.000118317
0.000118166
0.000131425
0.000131226
0.000131169
-3.9933e-005
-4.03614e-005
-4.06915e-005
2.31067e-005
2.26895e-005
2.25018e-005
6.59204e-005
6.55573e-005
6.53667e-005
9.47914e-005
9.45098e-005
9.43681e-005
0.000114182
0.000113924
0.000113839
0.000126941
0.000126747
0.000126685
-4.30254e-005
-4.34911e-005
-4.37584e-005
1.95855e-005
1.91134e-005
1.89109e-005
6.20288e-005
6.17115e-005
6.15072e-005
9.07628e-005
9.04855e-005
9.03189e-005
0.000109987
0.00010974
0.000109673
0.000122666
0.000122503
0.000122414
