-0.00114389
-0.00114686
-0.00114946
-0.000906426
-0.000909262
-0.000911721
-0.000712101
-0.000714678
-0.000716992
-0.00055702
-0.000559355
-0.000561367
-0.000434988
-0.000437105
-0.000438899
-0.000339863
-0.000341723
-0.000343353
-0.000265911
-0.000267657
-0.000269045
-0.000208614
-0.000210173
-0.00021141
-0.000164299
-0.000165727
-0.000166802
-0.00085056
-0.000852914
-0.000854879
-0.000775821
-0.000778471
-0.000780873
-0.000591047
-0.000593479
-0.000595614
-0.000445529
-0.000447688
-0.000449572
-0.00033237
-0.000334344
-0.00033601
-0.000245178
-0.000246968
-0.000248392
-0.000178238
-0.000179821
-0.000181071
-0.000126996
-0.00012839
-0.000129542
-8.78406e-005
-8.91179e-005
-9.01282e-005
-0.000671276
-0.000673493
-0.000675345
-0.000558258
-0.000560372
-0.000562226
-0.000491391
-0.000493644
-0.000495653
-0.000354549
-0.000356619
-0.000358363
-0.000249372
-0.000251194
-0.000252676
-0.000169082
-0.000170725
-0.000172039
-0.000108142
-0.000109573
-0.000110725
-6.19987e-005
-6.32666e-005
-6.42989e-005
-2.71866e-005
-2.836e-005
-2.92213e-005
-0.000525911
-0.000527959
-0.000529685
-0.000420525
-0.000422448
-0.000424093
-0.000333724
-0.000335561
-0.000337091
-0.000280373
-0.000282329
-0.000283948
-0.000182119
-0.000183851
-0.00018522
-0.000107787
-0.000109344
-0.000110519
-5.1944e-005
-5.33194e-005
-5.43269e-005
-1.01057e-005
-1.1302e-005
-1.22746e-005
2.1043e-005
1.9987e-005
1.91552e-005
-0.000410428
-0.000412327
-0.000413838
-0.000312606
-0.000314372
-0.000315837
-0.000232833
-0.000234493
-0.000235866
-0.00016791
-0.000169473
-0.000170721
-0.000127514
-0.000129107
-0.000130333
-5.83462e-005
-5.97664e-005
-6.08482e-005
-6.86424e-006
-8.08507e-006
-9.05528e-006
3.13697e-005
3.02589e-005
2.94157e-005
5.94334e-005
5.84806e-005
5.77803e-005
-0.000319674
-0.000321387
-0.000322816
-0.000228934
-0.000230526
-0.000231838
-0.000155471
-0.000156993
-0.000158145
-9.6054e-005
-9.74771e-005
-9.85498e-005
-4.79158e-005
-4.9228e-005
-5.02371e-005
-1.83413e-005
-1.96293e-005
-2.07212e-005
2.94755e-005
2.83047e-005
2.74131e-005
6.45527e-005
6.35493e-005
6.27732e-005
9.01008e-005
8.91755e-005
8.85268e-005
-0.000248844
-0.000250394
-0.000251664
-0.000164469
-0.000165941
-0.000167047
-9.65584e-005
-9.79026e-005
-9.89289e-005
-4.19359e-005
-4.31469e-005
-4.41493e-005
2.05186e-006
9.1246e-007
1.30528e-008
3.75504e-005
3.64787e-005
3.56933e-005
5.87399e-005
5.76343e-005
5.68772e-005
9.12088e-005
9.025e-005
8.95971e-005
0.000114562
0.000113725
0.000113156
-0.000193822
-0.000195237
-0.000196338
-0.000114973
-0.000116276
-0.000117323
-5.18666e-005
-5.30759e-005
-5.39702e-005
-1.37109e-006
-2.44868e-006
-3.30176e-006
3.9162e-005
3.81619e-005
3.73866e-005
7.16751e-005
7.0701e-005
7.00449e-005
9.78985e-005
9.69465e-005
9.63093e-005
0.000112676
0.000111754
0.000111139
0.000134131
0.000133351
0.000132799
-0.000151143
-0.000152423
-0.000153418
-7.71559e-005
-7.83708e-005
-7.92546e-005
-1.81722e-005
-1.92345e-005
-2.00335e-005
2.8889e-005
2.79103e-005
2.71623e-005
6.64659e-005
6.55053e-005
6.48398e-005
9.64965e-005
9.56343e-005
9.50418e-005
0.000120556
0.000119799
0.000119191
0.000139824
0.000139097
0.000138605
0.000149833
0.000149116
0.000148572
-0.000118116
-0.000119259
-0.000120181
-4.82762e-005
-4.93841e-005
-5.02073e-005
7.1601e-006
6.16265e-006
5.44885e-006
5.12392e-005
5.03191e-005
4.97202e-005
8.63413e-005
8.55188e-005
8.49348e-005
0.000114311
0.000113516
0.000112985
0.000136623
0.000135871
0.000135388
0.000154427
0.000153764
0.000153289
0.000168599
0.00016801
0.000167558
-9.26042e-005
-9.36236e-005
-9.447e-005
-2.64171e-005
-2.73892e-005
-2.81408e-005
2.60642e-005
2.51422e-005
2.45066e-005
6.76952e-005
6.68186e-005
6.62269e-005
0.000100678
9.99061e-005
9.93543e-005
0.000126856
0.000126146
0.000125687
0.000147645
0.000146997
0.000146591
0.000164219
0.000163642
0.000163232
0.000177385
0.000176815
0.000176476
-7.29336e-005
-7.39443e-005
-7.46701e-005
-9.9226e-006
-1.07866e-005
-1.14671e-005
4.003e-005
3.91351e-005
3.85872e-005
7.94365e-005
7.8693e-005
7.81507e-005
0.000110662
0.000109981
0.000109499
0.0001354
0.000134732
0.000134321
0.000154986
0.000154412
0.000154005
0.000170499
0.000169997
0.000169601
0.00018278
0.000182266
0.000181939
-5.79271e-005
-5.88494e-005
-5.95307e-005
2.42169e-006
1.60233e-006
9.78267e-007
5.01047e-005
4.93164e-005
4.878e-005
8.77511e-005
8.70237e-005
8.6533e-005
0.000117488
0.000116811
0.000116378
0.00014091
0.000140307
0.000139964
0.000159492
0.000158956
0.000158612
0.000174169
0.000173624
0.000173365
0.000185684
0.000185202
0.000184951
-4.6508e-005
-4.7403e-005
-4.7982e-005
1.15101e-005
1.07168e-005
1.01909e-005
5.72531e-005
5.65581e-005
5.6071e-005
9.33392e-005
9.27107e-005
9.22809e-005
0.000121806
0.000121157
0.000120783
0.000144255
0.000143686
0.000143327
0.000161887
0.000161381
0.00016112
0.000175812
0.000175349
0.000175057
0.000186693
0.000186301
0.000186023
-3.79733e-005
-3.87492e-005
-3.93242e-005
1.804e-005
1.73207e-005
1.68002e-005
6.21877e-005
6.15377e-005
6.10626e-005
9.69209e-005
9.63137e-005
9.59058e-005
0.000124262
0.00012371
0.000123391
0.00014582
0.000145303
0.000144976
0.000162719
0.000162225
0.000161991
0.000175994
0.000175591
0.000175318
0.000186389
0.000185988
0.000185763
-3.15987e-005
-3.2404e-005
-3.29351e-005
2.26135e-005
2.1913e-005
2.14348e-005
6.53265e-005
6.47057e-005
6.42669e-005
9.88864e-005
9.83725e-005
9.79814e-005
0.000125317
0.000124805
0.000124453
0.000146114
0.000145566
0.000145292
0.00016235
0.000161915
0.000161687
0.000175115
0.000174737
0.000174497
0.000185064
0.00018473
0.00018451
-2.70876e-005
-2.78111e-005
-2.82936e-005
2.56582e-005
2.49773e-005
2.45306e-005
6.70905e-005
6.64956e-005
6.61169e-005
9.971e-005
9.91549e-005
9.88077e-005
0.000125285
0.000124782
0.000124494
0.000145346
0.000144926
0.000144658
0.000161109
0.000160705
0.000160455
0.000173445
0.000173044
0.000172849
0.000183021
0.00018264
0.000182463
-2.39275e-005
-2.4655e-005
-2.50713e-005
2.74449e-005
2.68232e-005
2.63686e-005
6.78546e-005
6.72798e-005
6.69259e-005
9.95529e-005
9.90393e-005
9.87489e-005
0.000124449
0.000123975
0.000123691
0.000143997
0.000143544
0.000143304
0.000159238
0.000158849
0.000158671
0.000171177
0.00017078
0.000170628
0.000180421
0.000180097
0.000179906
-2.18651e-005
-2.256e-005
-2.30007e-005
2.82871e-005
2.77078e-005
2.73046e-005
6.77941e-005
6.71804e-005
6.68738e-005
9.87324e-005
9.82233e-005
9.79459e-005
0.000123035
0.000122557
0.000122274
0.000142073
0.000141631
0.000141381
0.000156936
0.000156498
0.000156304
0.000168508
0.000168158
0.000167923
0.000177462
0.00017712
0.000177012
-2.07327e-005
-2.13559e-005
-2.18068e-005
2.84175e-005
2.78551e-005
2.74566e-005
6.70491e-005
6.65088e-005
6.62099e-005
9.73716e-005
9.6848e-005
9.65794e-005
0.000121092
0.000120702
0.00012039
0.000139689
0.000139287
0.000139099
0.000154234
0.000153859
0.000153651
0.00016553
0.000165172
0.00016501
0.000174253
0.000173933
0.000173805
-2.02889e-005
-2.08808e-005
-2.12913e-005
2.79767e-005
2.73936e-005
2.70181e-005
6.58357e-005
6.53722e-005
6.50612e-005
9.55324e-005
9.5144e-005
9.48282e-005
0.000118876
0.000118435
0.000118212
0.00013709
0.000136669
0.000136503
0.000151269
0.000150907
0.000150771
0.000162342
0.000162012
0.000161871
0.000170876
0.00017058
0.00017045
-2.0358e-005
-2.09596e-005
-2.13394e-005
2.70442e-005
2.64659e-005
2.61466e-005
6.43373e-005
6.38067e-005
6.35054e-005
9.35217e-005
9.30492e-005
9.28076e-005
0.000116383
0.000115991
0.000115797
0.000134293
0.000133873
0.00013372
0.000148221
0.000147875
0.000147721
0.00015905
0.000158733
0.000158626
0.000167421
0.000167161
0.000167005
-2.08778e-005
-2.14673e-005
-2.18524e-005
2.58109e-005
2.52358e-005
2.49003e-005
6.24528e-005
6.20037e-005
6.17213e-005
9.11999e-005
9.07852e-005
9.05555e-005
0.000113722
0.000113321
0.000113151
0.00013135
0.000130995
0.000130797
0.00014505
0.000144726
0.000144596
0.000155735
0.00015541
0.000155261
0.000163929
0.000163631
0.000163504
-2.18123e-005
-2.23485e-005
-2.27207e-005
2.42627e-005
2.37599e-005
2.34378e-005
6.04264e-005
5.99433e-005
5.97185e-005
8.87877e-005
8.83913e-005
8.81188e-005
0.00011099
0.000110632
0.000110384
0.000128323
0.000128013
0.000127812
0.000141838
0.000141513
0.000141417
0.000152298
0.000152042
0.000151957
0.00016041
0.000160152
0.000160026
-2.29629e-005
-2.35402e-005
-2.38821e-005
2.25044e-005
2.20115e-005
2.17288e-005
5.82683e-005
5.77959e-005
5.7518e-005
8.62802e-005
8.58738e-005
8.56094e-005
0.000108164
0.00010779
0.000107616
0.000125319
0.000124931
0.000124778
0.00013863
0.000138346
0.000138185
0.000148966
0.00014871
0.000148554
0.000156927
0.000156617
0.000156591
-2.43376e-005
-2.48507e-005
-2.51593e-005
2.06516e-005
2.01246e-005
1.98242e-005
5.59651e-005
5.55498e-005
5.52423e-005
8.36564e-005
8.32233e-005
8.30187e-005
0.000105329
0.00010494
0.000104773
0.000122249
0.000121892
0.000121756
0.000135445
0.000135106
0.000135002
0.000145613
0.000145359
0.000145236
0.000153489
0.000153219
0.000153139
-2.58928e-005
-2.63814e-005
-2.67214e-005
1.86689e-005
1.81593e-005
1.7851e-005
5.36274e-005
5.31689e-005
5.29045e-005
8.09878e-005
8.05908e-005
8.04085e-005
0.000102485
0.00010208
0.000101898
0.000119216
0.000118902
0.000118733
0.000132276
0.000131968
0.000131799
0.000142325
0.000142068
0.000141943
0.000150099
0.000149849
0.000149753
-2.75484e-005
-2.80002e-005
-2.83543e-005
1.65627e-005
1.60586e-005
1.58311e-005
5.1183e-005
5.07799e-005
5.053e-005
7.83555e-005
7.79579e-005
7.77669e-005
9.9606e-005
9.9263e-005
9.90558e-005
0.000116185
0.000115857
0.000115711
0.000129119
0.000128819
0.000128682
0.000139088
0.000138827
0.000138728
0.000146778
0.000146524
0.000146449
-2.92545e-005
-2.97568e-005
-3.00592e-005
1.44319e-005
1.39545e-005
1.36658e-005
4.8745e-005
4.83304e-005
4.8126e-005
7.5716e-005
7.5333e-005
7.50899e-005
9.67664e-005
9.6427e-005
9.62568e-005
0.000113259
0.000112893
0.000112729
0.000126047
0.000125712
0.000125636
0.000135936
0.000135697
0.000135581
0.000143565
0.000143288
0.000143238
-3.11035e-005
-3.16288e-005
-3.18873e-005
1.22501e-005
1.18075e-005
1.15392e-005
4.63486e-005
4.59292e-005
4.57085e-005
7.30623e-005
7.26745e-005
7.24886e-005
9.39671e-005
9.36579e-005
9.34914e-005
0.000110293
0.000110022
0.000109854
0.000123023
0.000122758
0.000122617
0.00013287
0.000132608
0.000132483
0.000140378
0.000140148
0.000140057
-3.29968e-005
-3.35071e-005
-3.37279e-005
1.00507e-005
9.62802e-006
9.36231e-006
4.39702e-005
4.35158e-005
4.32954e-005
7.0465e-005
7.00907e-005
6.99102e-005
9.12173e-005
9.09036e-005
9.0759e-005
0.000107466
0.000107155
0.000106999
0.000120076
0.000119816
0.000119658
0.000129819
0.000129592
0.000129455
0.000137307
0.000137081
0.000137004
-3.49028e-005
-3.53512e-005
-3.56399e-005
7.89971e-006
7.46921e-006
7.19896e-006
4.15147e-005
4.11364e-005
4.0941e-005
6.79411e-005
6.75226e-005
6.734e-005
8.85245e-005
8.82315e-005
8.80319e-005
0.000104681
0.000104392
0.000104223
0.000117181
0.000116902
0.000116811
0.000126864
0.000126679
0.00012657
0.000134325
0.00013413
0.000134066
-3.68023e-005
-3.72978e-005
-3.75807e-005
5.69082e-006
5.27674e-006
5.05079e-006
3.91304e-005
3.87545e-005
3.85001e-005
6.54053e-005
6.50042e-005
6.48307e-005
8.59321e-005
8.55733e-005
8.54213e-005
0.000101937
0.00010165
0.000101465
0.0001144
0.000114113
0.000114034
0.000124033
0.000123786
0.000123684
0.000131425
0.000131226
0.000131169
-3.8777e-005
-3.92058e-005
-3.95068e-005
3.55268e-006
3.07996e-006
2.88076e-006
3.68102e-005
3.64303e-005
3.62037e-005
6.29111e-005
6.25377e-005
6.23533e-005
8.33055e-005
8.30076e-005
8.28436e-005
9.92534e-005
9.8962e-005
9.88496e-005
0.000111665
0.00011142
0.000111303
0.000121281
0.000121026
0.00012092
0.000128623
0.000128422
0.000128344
-4.07022e-005
-4.11909e-005
-4.1429e-005
1.392e-006
9.56315e-007
7.33824e-007
3.44661e-005
3.40883e-005
3.39142e-005
6.04869e-005
6.01263e-005
5.9935e-005
8.07852e-005
8.04575e-005
8.02905e-005
9.66254e-005
9.63583e-005
9.62487e-005
0.000108995
0.000108742
0.000108638
0.000118546
0.000118304
0.00011822
0.000125863
0.000125671
0.000125587
-4.26231e-005
-4.30809e-005
-4.33477e-005
-7.67247e-007
-1.16556e-006
-1.39012e-006
3.22192e-005
3.1836e-005
3.16052e-005
5.80645e-005
5.77168e-005
5.75392e-005
7.8317e-005
7.8017e-005
7.78278e-005
9.4141e-005
9.38231e-005
9.3722e-005
0.000106414
0.000106155
0.000106058
0.000115914
0.000115662
0.000115568
0.000123207
0.000123011
0.000122933
-4.45852e-005
-4.5046e-005
-4.53003e-005
-2.83903e-006
-3.27106e-006
-3.52134e-006
2.99667e-005
2.95662e-005
2.94241e-005
5.57152e-005
5.53624e-005
5.52061e-005
7.58844e-005
7.55595e-005
7.54296e-005
9.16345e-005
9.13738e-005
9.12426e-005
0.000103893
0.000103643
0.000103551
0.000113377
0.000113111
0.000113046
0.000120644
0.000120426
0.000120341
